51330100005418
51330100005418
51330100005418
51330100005418
51330100005418
51330100005418
51330100005418
51330100005418
37266950456
37266950456
37266950456
37266950456
37266950456
37266950456
659000101241588
659000101241588
911010023237856
911010023237856
911010023237856
911010023237856
911010023237856
330401500914
330401500914
50100327802420
50100327802420
50100327802420
50100327802420
50100327802420
50100327802420
20037610222
20037610222
20037610222
20037610222
20037610222
20037610222
20037610222
20037610222
20037610222
20037610222
20037610222
20037610222
20037610222
20037610222
20037610222
20037610222
20037610222
20037610222
20037610222
20037610222
20037610222
20037610222
20037610222
20037610222
20037610222
20037610222
20037610222
20037610222
20037610222
20037610222
20037610222
20037610222
20037610222
20037610222
20037610222
20037610222
20037610222
20037610222
20037610222
20037610222
20037610222
20037610222
20037610222
20037610222
20037610222
20037610222
20037610222
20037610222
20037610222
20037610222
20037610222
20037610222
20037610222
20037610222
20037610222
20037610222
20037610222
20037610222
20037610222
20037610222
20037610222
20037610222
20037610222
20037610222
20037610222
20037610222
20037610222
20037610222
20037610222
20037610222
20037610222
923010060752337
923010060752337
923010060752337
923010060752337
923010060752337
923010060752337
923010060752337
923010060752337
923010060752337
923010060752337
923010060752337
923010060752337
923010060752337
923010060752337
923010060752337
923010060752337
923010060752337
923010060752337
923010060752337
923010060752337
923010060752337
923010060752337
923010060752337
923010060752337
923010060752337
923010060752337
923010060752337
923010060752337
923010060752337
923010060752337
923010060752337
923010060752337
846310110015925
846310110015925
9867406144
9867406144
14091000003775
14091000003775
14091000003775
14091000003775
41008100010908
41008100010908
41008100010908
41008100010908
41008100010908
39711953436
39711953436
921020044306816
921020044306816
921020044306816
921020044306816
921020044306816
921020044306816
921020044306816
921020044306816
921020044306816
921020044306816
921020044306816
921020044306816
921020044306816
921020044306816
921020044306816
921020044306816
921020044306816
921020044306816
921020044306816
921020044306816
921020044306816
921020044306816
921020044306816
921020044306816
921020044306816
921020044306816
921020044306816
921020044306816
921020044306816
921020044306816
921020044306816
921020044306816
921020044306816
921020044306816
921020044306816
921020044306816
921020044306816
921020044306816
921020044306816
921020044306816
921020044306816
921020044306816
921020044306816
921020044306816
921020044306816
921020044306816
921020044306816
921020044306816
921020044306816
921020044306816
921020044306816
921020044306816
921020044306816
921020044306816
921020044306816
921020044306816
921020044306816
8088100000323
8088100000323
66016387886
3713515144
3713515144
3713515144
3713515144
55550110090659
55550110090659
40666669330
55095835533
55095835533
30936072220
30936072220
30936072220
30936072220
1710110046630
1710110046630
1710110046630
1254010329941
1254010329941
1254010329941
1254010329941
1254010329941
40547694259
40547694259
62474206320
62474206320
7930100012737
7930100012737
7930100012737
7930100012737
7930100012737
7930100012737
7930100012737
7930100012737
7930100012737
7930100012737
7930100012737
7930100012737
7930100012737
7930100012737
7930100012737
7930100012737
7930100012737
7930100012737
7930100012737
7930100012737
7930100012737
7930100012737
7930100012737
7930100012737
7930100012737
7930100012737
7930100012737
7930100012737
7930100012737
7930100012737
7930100012737
7930100012737
7930100012737
7930100012737
7930100012737
7930100012737
7930100012737
4448175818
4448175818
4448175818
4448175818
4448175818
4448175818
6847148044
6847148044
6948750267
6948750267
6948750267
6948750267
6948750267
6948750267
6948750267
6948750267
6948750267
6948750267
6948750267
6948750267
6948750267
6948750267
6948750267
6948750267
6948750267
6948750267
6948750267
6948750267
6948750267
6948750267
6948750267
6948750267
6948750267
6948750267
6948750267
6948750267
6948750267
6948750267
6948750267
6948750267
6948750267
6948750267
6948750267
6948750267
6948750267
6948750267
6948750267
6948750267
6948750267
6948750267
6948750267
6948750267
6948750267
6948750267
6948750267
6948750267
6948750267
6948750267
6948750267
6948750267
6948750267
6948750267
6948750267
6948750267
6948750267
463502120009143
463502120009143
463502120009143
463502120009143
463502120009143
463502120009143
463502120009143
463502120009143
463502120009143
463502120009143
463502120009143
463502120009143
463502120009143
463502120009143
463502120009143
463502120009143
463502120009143
463502120009143
463502120009143
463502120009143
463502120009143
463502120009143
463502120009143
463502120009143
463502120009143
463502120009143
463502120009143
102501515929
102501515929
102501515929
102501515929
30261105300
30261105300
30261105300
2748812648
2748812648
2748812648
2748812648
2748812648
5282657557
5282657557
5282657557
5282657557
5282657557
5282657557
5282657557
5282657557
5282657557
5282657557
5282657557
5282657557
5282657557
5282657557
5282657557
5282657557
5282657557
5282657557
5282657557
5282657557
5282657557
5282657557
5282657557
5282657557
5282657557
5282657557
5282657557
1514245413
4746318528
20800100034494
20800100034494
20800100034494
20800100034494
20800100034494
41074119970
41074119970
41074119970
41074119970
41074119970
41074119970
41074119970
41074119970
201101352578
38690075502
38690075502
38690075502
38690075502
38690075502
38690075502
38690075502
38690075502
38690075502
38690075502
38690075502
38690075502
38690075502
38690075502
38690075502
38690075502
38690075502
38690075502
38690075502
38690075502
38690075502
38690075502
38690075502
38690075502
38690075502
38690075502
50100621517550
50100621517550
922010020831554
922010020831554
922010020831554
922010020831554
50100270517390
50100270517390
50100270517390
50100270517390
50100270517390
50100270517390
50100270517390
50100270517390
50100270517390
50100270517390
50100270517390
50100270517390
50100270517390
50100270517390
50100270517390
50100270517390
50100270517390
50100270517390
50100270517390
50100270517390
50100270517390
50100270517390
50100270517390
50100270517390
40095576767
40095576767
6413272577
6413272577
6413272577
6413272577
6413272577
6413272577
6413272577
6413272577
83190100003535
83190100003535
83190100003535
83190100003535
83190100003535
83190100003535
83190100003535
83190100003535
83190100003535
83190100003535
83190100003535
83190100003535
83190100003535
83190100003535
83190100003535
83190100003535
83190100003535
83190100003535
83190100003535
83190100003535
83190100003535
83190100003535
83190100003535
83190100003535
83190100003535
50100706767800
50100706767800
50100706767800
50100706767800
30717537051
30717537051
30717537051
30717537051
30717537051
30717537051
825001500012877
825001500012877
825001500012877
825001500012877
41231624737
41231624737
421710110004228
50041009694
50041009694
32802059434
32802059434
37468202504
37468202504
50100080755750
919010090508811
919010090508811
919010090508811
919010090508811
20325832851
20325832851
20325832851
20325832851
20325832851
20325832851
20325832851
344602010094226
344602010094226
344602010094226
344602010094226
187001960831
187001960831
187001960831
187001960831
187001960831
187001960831
187001960831
50100670502135
50100670502135
6076101001208
1563001500011911
1563001500011911
43150100013331
43150100013331
43150100013331
43150100013331
43150100013331
43150100013331
43150100013331
43150100013331
108131000526
25029740335
25029740335
25029740335
25029740335
25029740335
25029740335
25029740335
25029740335
25029740335
25029740335
25029740335
25029740335
25029740335
25029740335
25029740335
25029740335
25029740335
25029740335
25029740335
25029740335
25029740335
50100327885505
50100327885505
77770101585194
77770101585194
77770101585194
77770101585194
77770101585194
77770101585194
77770101585194
77770101585194
77770101585194
77770101585194
77770101585194
41449213378
41449213378
85801522899
85801522899
85801522899
85801522899
85801522899
85801522899
85801522899
85801522899
5812261151
750501500319
750501500319
750501500319
750501500319
750501500319
181005500261
181005500261
181005500261
181005500261
181005500261
181005500261
181005500261
181005500261
181005500261
181005500261
181005500261
181005500261
917010049897018
917010049897018
917010049897018
917010049897018
917010049897018
917010049897018
917010049897018
917010049897018
917010049897018
15070100010221
15070100010221
15070100010221
15070100010221
15070100010221
15070100010221
15070100010221
15070100010221
15070100010221
15070100010221
15070100010221
27010100562058
27010100562058
27010100562058
27010100562058
27010100562058
27010100562058
27010100562058
27010100562058
1301155000110051
1301155000110051
1301155000110051
1301155000110051
917010086001629
917010086001629
917010086001629
2061100100002207
2061100100002207
2061100100002207
2061100100002207
20225601167
2501232764900652
20205585023
20205585023
20205585023
20205585023
20205585023
20205585023
20205585023
20205585023
20205585023
20205585023
20205585023
20205585023
20205585023
20205585023
20205585023
20205585023
20205585023
20205585023
20205585023
20205585023
20205585023
20205585023
20205585023
20205585023
20205585023
20380115677
20380115677
20380115677
20380115677
20380115677
20380115677
20380115677
20380115677
20380115677
20380115677
20380115677
20380115677
20380115677
20380115677
20380115677
20380115677
20380115677
20380115677
20380115677
20380115677
20380115677
22160100021218
22160100021218
22160100021218
22160100021218
22160100021218
22160100021218
22160100021218
22160100021218
22160100021218
22160100021218
22160100021218
22160100021218
501037729163
501037729163
501037729163
791101500000174
791101500000174
791101500000174
791101500000174
791101500000174
4701554618
4701554618
4701554618
4701554618
4701554618
4701554618
4701554618
4701554618
4701554618
4701554618
4701554618
4701554618
4701554618
4701554618
4701554618
4701554618
4701554618
4701554618
4701554618
4701554618
4701554618
4701554618
4701554618
4701554618
4701554618
4701554618
4701554618
4701554618
4701554618
4701554618
4701554618
4701554618
4701554618
4701554618
4701554618
4701554618
4701554618
4701554618
4701554618
4701554618
4701554618
4701554618
4701554618
4701554618
4701554618
4701554618
4701554618
4701554618
4701554618
4701554618
4701554618
4701554618
4701554618
4701554618
4701554618
4701554618
4701554618
4701554618
4701554618
4701554618
4701554618
4701554618
4701554618
4701554618
4701554618
4701554618
4701554618
4701554618
4701554618
4701554618
4701554618
4701554618
4701554618
4701554618
4701554618
4701554618
4701554618
4701554618
4701554618
4701554618
4701554618
4701554618
4701554618
4701554618
4701554618
4701554618
4701554618
4701554618
4701554618
4701554618
4701554618
4701554618
4701554618
4701554618
4701554618
4701554618
4701554618
4701554618
4701554618
4701554618
4701554618
4701554618
4701554618
4701554618
4701554618
4701554618
4701554618
4701554618
4701554618
4701554618
4701554618
32401503942
32401503942
32401503942
32401503942
32401503942
32401503942
32401503942
32401503942
32401503942
32401503942
32401503942
50100224647936
78470100015694
78470100015694
33904576700
33904576700
33904576700
33904576700
33904576700
33904576700
33904576700
33904576700
33904576700
33904576700
33904576700
33904576700
33904576700
33904576700
33904576700
33904576700
33904576700
33904576700
33904576700
33904576700
33904576700
33904576700
33904576700
33904576700
33904576700
33904576700
2546062955
2546062955
2546062955
2546062955
306202010902285
306202010902285
306202010902285
306202010902285
306202010902285
306202010902285
306202010902285
306202010902285
306202010902285
85001509812
9413337147
9413337147
130401505303
130401505303
130401505303
130401505303
130401505303
130401505303
130401505303
130401505303
130401505303
130401505303
35752606710
35752606710
35752606710
20073275110
20073275110
9947818143
9947818143
9947818143
9947818143
33474283982
33474283982
33474283982
33474283982
33474283982
84510011014345
84510011014345
41256566161
41256566161
41256566161
41256566161
43320041193
43320041193
43320041193
43320041193
43320041193
43320041193
43320041193
43320041193
50100521552399
50100521552399
50100521552399
50100521552399
412402010002763
412402010002763
412402010002763
412402010002763
412402010002763
40749316732
40749316732
40749316732
40749316732
40749316732
40749316732
40749316732
40749316732
40749316732
396802120022496
396802120022496
396802120022496
396802120022496
396802120022496
396802120022496
396802120022496
396802120022496
396802120022496
396802120022496
396802120022496
396802120022496
396802120022496
396802120022496
396802120022496
396802120022496
396802120022496
396802120022496
396802120022496
396802120022496
396802120022496
396802120022496
396802120022496
396802120022496
396802120022496
396802120022496
396802120022496
396802120022496
396802120022496
396802120022496
396802120022496
396802120022496
396802120022496
396802120022496
36723139593
36723139593
36723139593
36723139593
36723139593
36723139593
627501215989
627501215989
627501215989
627501215989
627501215989
627501215989
627501215989
627501215989
627501215989
627501215989
627501215989
627501215989
627501215989
627501215989
627501215989
627501215989
627501215989
627501215989
627501215989
627501215989
627501215989
627501215989
627501215989
627501215989
38494601712
38494601712
38494601712
53520100003482
53520100003482
53520100003482
53520100003482
53520100003482
53520100003482
53520100003482
53520100003482
53520100003482
39536170339
39536170339
39536170339
39536170339
39536170339
39536170339
39536170339
39536170339
39536170339
39536170339
39536170339
39536170339
39536170339
39536170339
39536170339
39536170339
39536170339
39536170339
39536170339
39536170339
39536170339
39536170339
39536170339
39536170339
39536170339
39536170339
6090108000141
6090108000141
50200038487184
50200038487184
50200038487184
50200038487184
50200038487184
50200038487184
50200038487184
50200038487184
50200038487184
50200038487184
50200038487184
50200038487184
50200038487184
50200038487184
50200038487184
50200038487184
50200038487184
324002010189723
64191765827
64191765827
3946591717
3946591717
50100093122498
50100093122498
50100093122498
50100258525380
50100258525380
5406134733
5406134733
5406134733
5406134733
5406134733
33905535468
33905535468
33905535468
33905535468
33905535468
33905535468
33905535468
65125833369
65125833369
32228147799
17250110045695
17250110045695
17250110045695
17250110045695
17250110045695
17250110045695
17250110045695
17250110045695
50100200820254
50100200820254
50100200820254
50100200820254
10087382358
10087382358
10087382358
10087382358
10087382358
10087382358
10087382358
10087382358
10087382358
10087382358
10087382358
10087382358
10087382358
10087382358
10087382358
10087382358
10087382358
10087382358
10087382358
10087382358
10087382358
10087382358
10087382358
10087382358
10087382358
10087382358
10087382358
10087382358
10087382358
10087382358
10087382358
10087382358
10087382358
10087382358
10087382358
5001101005152
50200038418401
50200038418401
50200038418401
50200038418401
50200038418401
50200038418401
50200038418401
39810530857
39810530857
204610110000611
204610110000611
50100718325359
50100718325359
50100718325359
50100718325359
50100718325359
50100718325359
50100718325359
50100718325359
50100718325359
50100718325359
50100718325359
50100718325359
50100718325359
50100718325359
50100718325359
50100718325359
50100718325359
50100718325359
231003312959
231003312959
918010066604944
918010066604944
918010066604944
918010066604944
918010066604944
4049651322
4049651322
4049651322
37775379571
4745507480
4745507480
4745507480
50100628684263
50100628684263
50100628684263
50100628684263
50100628684263
50100628684263
5113565538
5113565538
5113565538
5113565538
5113565538
5113565538
5113565538
5113565538
50100017460339
50100017460339
50100017460339
50100017460339
50100017460339
50100017460339
50100017460339
50100017460339
50100017460339
50100017460339
50100017460339
50100017460339
50100017460339
50100017460339
50100017460339
50100017460339
50100017460339
50100017460339
50100017460339
50100017460339
50100017460339
50100017460339
50100017460339
50100017460339
50100017460339
50100017460339
50100017460339
50100017460339
50100017460339
958610110005584
958610110005584
958610110005584
958610110005584
958610110005584
958610110005584
50100264961041
50100264961041
50100264961041
50100264961041
50100264961041
50100264961041
50100264961041
50100264961041
50100264961041
50100264961041
50100264961041
50100264961041
50100264961041
50100264961041
50100264961041
50100264961041
50100264961041
50100264961041
20476317767
20476317767
20476317767
20476317767
20476317767
20476317767
20476317767
20476317767
20476317767
20476317767
20356962747
20356962747
20356962747
20356962747
20356962747
045808291675190001
045808291675190001
045808291675190001
045808291675190001
045808291675190001
045808291675190001
045808291675190001
3079349211
3079349211
3079349211
3079349211
3079349211
3079349211
3079349211
924010023713198
924010023713198
924010023713198
924010023713198
924010023713198
4.053E+15
4.053E+15
4.053E+15
4.053E+15
4.053E+15
4.053E+15
4.053E+15
4.053E+15
4.053E+15
4.053E+15
4.053E+15
4.053E+15
40991440092
50100344687432
50100344687432
50100344687432
50100344687432
31964872590
31964872590
31964872590
31964872590
31964872590
31964872590
3146059703
3146059703
3146059703
3146059703
3146059703
3146059703
3146059703
3146059703
3146059703
3146059703
3146059703
3146059703
3146059703
3146059703
3146059703
3146059703
3146059703
3146059703
3146059703
3146059703
3146059703
3146059703
3146059703
2897001500092874
2897001500092874
2897001500092874
2897001500092874
2897001500092874
2897001500092874
2897001500092874
50832610000978
50832610000978
50832610000978
50832610000978
50832610000978
50832610000978
42437530701
42437530701
77770106625706
77770106625706
77770106625706
77770106625706
77770106625706
2521711388916
2521711388916
2521711388916
2521711388916
2521711388916
10448100011944
10448100011944
10448100011944
32824943226
32824943226
32824943226
32824943226
32824943226
32824943226
32824943226
32824943226
32824943226
32824943226
32824943226
32824943226
32824943226
32824943226
32824943226
32824943226
32824943226
3973706755
3973706755
3973706755
3973706755
3973706755
3973706755
3973706755
77172200014000
77172200014000
77172200014000
77172200014000
77172200014000
77172200014000
77172200014000
77172200014000
77172200014000
77172200014000
77172200014000
77172200014000
881002235071
881002235071
257101000009167
257101000009167
257101000009167
257101000009167
257101000009167
257101000009167
257101000009167
257101000009167
257101000009167
257101000009167
257101000009167
257101000009167
3345091870
3345091870
3345091870
3345091870
3345091870
3345091870
3345091870
3345091870
3345091870
42581677089
42581677089
42581677089
319602010038201
10065189225
10065189225
520101246981101
520101246981101
520101246981101
520101246981101
520101246981101
520101246981101
520101246981101
520101246981101
520101246981101
520101246981101
387102011082156
387102011082156
387102011082156
387102011082156
2063104000042246
2063104000042246
2550079833
2550079833
2550079833
2550079833
2550079833
2550079833
2550079833
2550079833
50100407870091
50100407870091
50100407870091
50100407870091
50100407870091
50100407870091
50100407870091
50100407870091
50100407870091
50100407870091
50100407870091
50100407870091
50100407870091
50100407870091
50100407870091
50100407870091
50100407870091
50100407870091
50100407870091
50100407870091
40052664021
2414288135
2414288135
83010110004256
83010110004256
7850110074855
520101040290332
43809914462
43809914462
43809914462
43809914462
43809914462
43809914462
43809914462
43809914462
43809914462
43809914462
43809914462
43809914462
3563942950
3563942950
3563942950
3563942950
3563942950
3563942950
3563942950
3563942950
66610510001315
66610510001315
31389192290
31389192290
1811220718002638
1811220718002638
30910199002
30910199002
30910199002
30910199002
30910199002
30910199002
3605363570
3605363570
3605363570
3605363570
42117212195
42117212195
42117212195
42117212195
146001000008896
146001000008896
146001000008896
146001000008896
146001000008896
146001000008896
146001000008896
146001000008896
34768100002761
34768100002761
34238370832
3788108002492
3788108002492
3788108002492
3788108002492
922010028764078
922010028764078
922010028764078
922010028764078
922010028764078
922010028764078
922010028764078
922010028764078
922010028764078
922010028764078
922010028764078
20349115609
20349115609
20349115609
20349115609
20349115609
20349115609
20349115609
20349115609
20349115609
20349115609
20349115609
20349115609
20349115609
20349115609
20349115609
20349115609
20349115609
20349115609
20349115609
20349115609
20349115609
5610110018313
5610110018313
5610110018313
5610110018313
5610110018313
5610110018313
5610110018313
5610110018313
5610110018313
5610110018313
5610110018313
5610110018313
5610110018313
5610110018313
5610110018313
5610110018313
5610110018313
3702907511
3702907511
3702907511
3702907511
3702907511
37841653370
10171032602
10171032602
10171032602
10171032602
10171032602
10171032602
10171032602
10171032602
10171032602
10171032602
10171032602
10171032602
10171032602
10171032602
10171032602
10171032602
10171032602
10171032602
10171032602
10171032602
10171032602
10171032602
10171032602
10171032602
10171032602
10171032602
36700118535
36700118535
4847256804
80024458366
80024458366
80024458366
80024458366
80024458366
80024458366
6945932697
6945932697
6945932697
6945932697
3521711358876
3521711358876
3521711358876
3521711358876
3521711358876
3521711358876
16101511405
16101511405
16101511405
16101511405
16101511405
16101511405
16101511405
10197190636
10197190636
1111651907
1111651907
1111651907
1111651907
1111651907
1111651907
1111651907
1111651907
1111651907
1111651907
1111651907
1111651907
1111651907
1111651907
1111651907
1111651907
1111651907
4523211134664
1810030134819
1810030134819
1810030134819
1810030134819
1810030134819
1810030134819
1810030134819
1810030134819
1810030134819
1810030134819
1810030134819
1810030134819
1810030134819
1810030134819
1810030134819
1810030134819
1810030134819
1810030134819
1810030134819
1810030134819
1810030134819
1810030134819
1810030134819
1810030134819
1810030134819
1810030134819
1810030134819
1810030134819
1810030134819
1810030134819
1810030134819
1810030134819
1810030134819
1810030134819
1810030134819
1810030134819
1810030134819
1810030134819
1810030134819
1810030134819
1810030134819
1810030134819
1810030134819
1810030134819
1810030134819
1810030134819
1810030134819
1810030134819
1810030134819
1810030134819
1810030134819
1810030134819
1810030134819
1810030134819
1810030134819
1810030134819
1810030134819
1810030134819
1810030134819
1810030134819
1810030134819
1810030134819
1810030134819
1810030134819
1810030134819
1810030134819
1810030134819
1810030134819
1810030134819
1810030134819
1810030134819
1810030134819
1810030134819
1810030134819
1810030134819
1810030134819
1810030134819
1810030134819
1810030134819
1810030134819
1810030134819
1810030134819
1810030134819
10123214363
10123214363
10123214363
10123214363
10123214363
10123214363
10123214363
10123214363
10123214363
10123214363
10123214363
10123214363
10123214363
10123214363
10123214363
10123214363
10123214363
10123214363
10123214363
10123214363
10123214363
10123214363
10123214363
10123214363
10123214363
50100318502867
38627703783
38627703783
38627703783
38627703783
38627703783
38627703783
38627703783
38627703783
38627703783
38627703783
38627703783
38627703783
38627703783
38627703783
38627703783
38627703783
38627703783
38627703783
38627703783
38627703783
38627703783
38627703783
50100181946290
50100181946290
50100181946290
50100181946290
50100181946290
50100181946290
50100181946290
50100181946290
50100181946290
50100181946290
50100181946290
50100181946290
50100181946290
50100181946290
50100181946290
50100181946290
20349764109
20349764109
20349764109
20349764109
20349764109
20349764109
20349764109
20349764109
20349764109
20349764109
20349764109
20349764109
20349764109
20349764109
25033095773
25033095773
25033095773
883546985
883546985
883546985
883546985
883546985
883546985
883546985
883546985
883546985
883546985
883546985
883546985
883546985
883546985
883546985
883546985
883546985
883546985
10081778991
10081778991
20111535657
20111535657
38114786470
38114786470
38114786470
21570100057493
21570100057493
21570100057493
21570100057493
21570100057493
21570100057493
21570100057493
21570100057493
21570100057493
21570100057493
21570100057493
21570100057493
21570100057493
21570100057493
21570100057493
21570100057493
21570100057493
21570100057493
21570100057493
10930100019244
10930100019244
10930100019244
10930100019244
10930100019244
43670969346
43670969346
43670969346
43670969346
43670969346
20323818476
20323818476
20323818476
20323818476
521711816535
521711816535
521711816535
614902010010853
614902010010853
614902010010853
614902010010853
614902010010853
614902010010853
614902010010853
614902010010853
7745823857
7745823857
2348830783
2348830783
2348830783
708010252454
708010252454
20413623870
20413623870
20413623870
20413623870
20413623870
20413623870
20413623870
20413623870
20413623870
20413623870
20413623870
20413623870
20413623870
20413623870
20413623870
20413623870
20413623870
20413623870
20413623870
20413623870
20413623870
20413623870
20413623870
20413623870
50100529131867
50100529131867
50100529131867
50100529131867
50100529131867
50100529131867
50100529131867
50100529131867
50100529131867
50100529131867
50100529131867
50100529131867
50100529131867
50100529131867
50100529131867
50100529131867
50100529131867
50100529131867
50100529131867
50100529131867
37888399941
37888399941
37888399941
37888399941
37888399941
37888399941
37888399941
37888399941
37888399941
685402010008361
685402010008361
685402010008361
2820411064433
2820411064433
2820411064433
2820411064433
3650110068786
3650110068786
3650110068786
3650110068786
3650110068786
3650110068786
3650110068786
3650110068786
3650110068786
3650110068786
3650110068786
3650110068786
3650110068786
3650110068786
3650110068786
3650110068786
30160100008287
30160100008287
30160100008287
30160100008287
30160100008287
30160100008287
30160100008287
30160100008287
30160100008287
4745465704
4745465704
4745465704
4745465704
4745465704
4745465704
36565602961
36565602961
36565602961
36565602961
36565602961
36565602961
1348546885
1348546885
1348546885
1348546885
3848972508
3848972508
3848972508
1040100023722
1040100023722
1040100023722
1040100023722
1040100023722
1040100023722
1040100023722
1040100023722
1040100023722
1040100023722
1040100023722
1040100023722
1040100023722
1040100023722
1040100023722
1040100023722
1040100023722
1040100023722
1040100023722
1040100023722
1040100023722
1040100023722
1040100023722
1040100023722
1040100023722
1040100023722
1040100023722
1040100023722
1040100023722
1040100023722
1040100023722
1040100023722
1040100023722
1040100023722
1040100023722
1040100023722
1040100023722
1040100023722
1040100023722
61200014806
61200014806
61200014806
61200014806
61200014806
61200014806
61200014806
61200014806
61200014806
61200014806
61200014806
61200014806
61200014806
61200014806
61200014806
61200014806
61200014806
20090100017438
20090100017438
6013634350
6013634350
6013634350
12050100035201
12050100035201
12050100035201
12050100035201
12050100035201
12050100035201
12050100035201
12050100035201
12050100035201
12050100035201
12050100035201
12050100035201
12050100035201
12050100035201
12050100035201
12050100035201
12050100035201
12050100035201
12050100035201
12050100035201
12050100035201
12050100035201
12050100035201
12050100035201
12050100035201
12050100035201
12050100035201
12050100035201
12050100035201
12050100035201
12050100035201
12050100035201
12050100035201
12050100035201
12050100035201
12050100035201
12050100035201
12050100035201
12050100035201
12050100035201
12050100035201
921010034338264
921010034338264
156296699483
156296699483
156296699483
156296699483
156296699483
156296699483
156296699483
156296699483
156296699483
77770108567765
77770108567765
77770108567765
77770108567765
60002639185
60002639185
60002639185
60002639185
60002639185
60002639185
60002639185
60002639185
60002639185
60002639185
60002639185
60002639185
60002639185
60002639185
60002639185
60002639185
60002639185
60002639185
60002639185
60002639185
60002639185
60002639185
60002639185
60002639185
60002639185
60002639185
60002639185
60002639185
60002639185
60002639185
60002639185
60002639185
60002639185
60002639185
60002639185
60002639185
60002639185
60002639185
60002639185
9813174403
9813174403
9813174403
9813174403
9813174403
9813174403
9813174403
924010072729779
924010072729779
924010072729779
39484770548
39484770548
50190021914377
50190021914377
5247333683
5247333683
5247333683
5247333683
5247333683
5247333683
5247333683
5247333683
5247333683
5247333683
50100623619304
50100623619304
50100330861980
50100330861980
50100330861980
50100330861980
50100330861980
50100330861980
50100330861980
50100330861980
50100330861980
50100330861980
50100330861980
50100330861980
50100330861980
50100330861980
50100330861980
50100330861980
50100330861980
50100330861980
50100330861980
50100330861980
50100330861980
50100330861980
50100330861980
50100330861980
50100330861980
50100330861980
50100330861980
50100330861980
3248107715
3248107715
3248107715
3248107715
3248107715
3248107715
3248107715
3248107715
3248107715
3248107715
3248107715
3248107715
3248107715
3248107715
3248107715
3248107715
3248107715
3248107715
3248107715
3248107715
6694001700021123
6694001700021123
28410157317
28410157317
28410157317
28410157317
28410157317
28410157317
28410157317
28410157317
28410157317
28410157317
28410157317
28410157317
28410157317
28410157317
28410157317
28410157317
28410157317
28410157317
42529510599
42529510599
42529510599
42529510599
50100255708843
50100255708843
50100255708843
50100255708843
50100255708843
50100255708843
50100518231902
50100518231902
13498100021606
13498100021606
13498100021606
13498100021606
40683101000399
40683101000399
40683101000399
40683101000399
38580541638
38580541638
8801034368
8801034368
100253134757
100253134757
100253134757
100253134757
100253134757
100253134757
100253134757
100253134757
100253134757
100253134757
100253134757
100253134757
100253134757
100253134757
100253134757
100253134757
100253134757
100253134757
100253134757
100253134757
100253134757
100253134757
100253134757
100253134757
100253134757
100253134757
100253134757
100253134757
100253134757
100253134757
100253134757
100253134757
100253134757
100253134757
100253134757
100253134757
100253134757
100253134757
100253134757
100253134757
100253134757
100253134757
100253134757
100253134757
100253134757
100253134757
100253134757
100253134757
100253134757
100253134757
100253134757
100253134757
100253134757
100253134757
100253134757
100253134757
100253134757
100253134757
100253134757
100253134757
100253134757
100253134757
100253134757
100253134757
100253134757
100253134757
100253134757
100253134757
100253134757
100253134757
100253134757
100253134757
100253134757
100253134757
100253134757
100253134757
100253134757
70000001845796
70000001845796
70000001845796
70000001845796
70000001845796
70000001845796
70000001845796
70000001845796
5549415728
5549415728
5549415728
30804689628
110006959020
110006959020
110006959020
110006959020
110006959020
110006959020
110006959020
110006959020
110006959020
110006959020
110006959020
110006959020
110006959020
110006959020
110006959020
110006959020
110006959020
110006959020
110006959020
110006959020
110006959020
919010054873030
919010054873030
919010054873030
919010054873030
919010054873030
919010054873030
919010054873030
919010054873030
919010054873030
919010054873030
919010054873030
919010054873030
919010054873030
919010054873030
919010054873030
919010054873030
919010054873030
919010054873030
919010054873030
919010054873030
919010054873030
919010054873030
919010054873030
919010054873030
919010054873030
919010054873030
919010054873030
20838100023292
20838100023292
20838100023292
20838100023292
20838100023292
20838100023292
35560228778
35560228778
35560228778
50100245628203
50100245628203
50100245628203
50100245628203
50100245628203
157046771761
157046771761
916010044620081
916010044620081
916010044620081
916010044620081
50100433864882
50100433864882
50100433864882
50100433864882
50100433864882
240401504055
240401504055
240401504055
240401504055
240401504055
240401504055
5813387249
5813387249
5813387249
5813387249
5813387249
5813387249
346377286
346377286
346377286
346377286
346377286
346377286
346377286
346377286
346377286
346377286
346377286
346377286
346377286
346377286
346377286
346377286
346377286
346377286
37474189027
37474189027
37474189027
32715409811
32715409811
32715409811
32715409811
32715409811
32715409811
32715409811
30660646142
30660646142
41174269071
41174269071
41174269071
41174269071
41174269071
41174269071
41174269071
41174269071
41174269071
41174269071
41174269071
41174269071
41174269071
41174269071
67183446673
67183446673
67183446673
67183446673
360001500059168
30221417259
30221417259
30221417259
30221417259
30221417259
50100564019850
50100564019850
50100564019850
50100564019850
2301215548873115
2301215548873115
2301215548873115
2301215548873115
2301215548873115
2301215548873115
2301215548873115
2301215548873115
2301215548873115
2301215548873115
2301215548873115
2301215548873115
32517155065
32517155065
32517155065
32517155065
32517155065
30852545623
30852545623
30852545623
30852545623
30852545623
30852545623
30852545623
30852545623
30852545623
30852545623
30852545623
30852545623
30852545623
30852545623
30852545623
36936730630
36936730630
36936730630
36936730630
36936730630
36936730630
36936730630
36936730630
36936730630
36936730630
36936730630
36936730630
36936730630
36936730630
36936730630
20482456827
20482456827
7939001700022819
7939001700022819
33868610164
33868610164
5248543357
5248543357
5248543357
5248543357
5248543357
5248543357
5248543357
5248543357
5248543357
5248543357
5248543357
5248543357
5248543357
5248543357
5248543357
50100171229297
50100171229297
50100171229297
50100171229297
50100171229297
37477776419
37477776419
37477776419
37477776419
37477776419
37477776419
9713143714
9713143714
9713143714
3132600001429
3132600001429
3132600001429
3132600001429
3132600001429
3132600001429
3132600001429
3132600001429
20256053712
20256053712
924010055416331
924010055416331
924010055416331
924010055416331
924010055416331
924010055416331
924010055416331
924010055416331
924010055416331
924010055416331
35147926569
35147926569
35147926569
35147926569
925010004635388
925010004635388
925010004635388
925010004635388
925010004635388
925010004635388
925010004635388
925010004635388
925010004635388
2166000100065388
2166000100065388
2166000100065388
32570100002317
32570100002317
31763970334
31763970334
31763970334
51008775890
16010100059252
33903371498
33903371498
33903371498
33903371498
55550110082839
17411050002319
17411050002319
17411050002319
17411050002319
17411050002319
17411050002319
17411050002319
17411050002319
17411050002319
17411050002319
17411050002319
17411050002319
17411050002319
17411050002319
58101508707
36897433481
36897433481
1729000101211652
1729000101211652
1729000101211652
1729000101211652
1729000101211652
1729000101211652
1729000101211652
1729000101211652
1729000101211652
1729000101211652
163000201511484
275710110004882
275710110004882
275710110004882
275710110004882
275710110004882
275710110004882
275710110004882
275710110004882
275710110004882
275710110004882
275710110004882
275710110004882
690116510000098
36180100014089
36180100014089
36180100014089
3613048292
3613048292
3613048292
3613048292
3613048292
3613048292
3613048292
3613048292
55550101277604
55550101277604
55550101277604
55550101277604
55550101277604
55550101277604
55550101277604
520481002422364
520481002422364
520481002422364
520481002422364
39122720193
39122720193
39122720193
39122720193
39122720193
39122720193
39122720193
2849051472
2849051472
2849051472
2849051472
2849051472
42419045333
42419045333
42419045333
42419045333
42419045333
42419045333
42419045333
42419045333
42419045333
42419045333
42419045333
42419045333
42419045333
42419045333
42419045333
42419045333
42419045333
42419045333
42419045333
42419045333
42419045333
42419045333
42419045333
42419045333
42419045333
42419045333
42419045333
42419045333
42419045333
650510110009250
650510110009250
650510110009250
650510110009250
650510110009250
50100164904977
50100164904977
50100164904977
50100164904977
50100164904977
50100164904977
374301503495
374301503495
374301503495
174201503422
174201503422
2211212538882656
2211212538882656
11060100006949
11060100006949
11060100006949
11060100006949
11060100006949
914010003927017
914010003927017
40186450540
40186450540
772010374767
772010374767
520101017852524
520101017852524
520101017852524
520101017852524
520101017852524
520101017852524
520101017852524
520101017852524
520101017852524
520101017852524
40722918080
40722918080
40722918080
40722918080
32895587546
32895587546
32895587546
32895587546
32895587546
32895587546
32895587546
32895587546
20328041050
20328041050
20328041050
20328041050
20328041050
20328041050
20328041050
20328041050
20328041050
20328041050
20328041050
20328041050
20328041050
20328041050
20328041050
20328041050
20328041050
20328041050
93791400000022
93791400000022
93791400000022
93791400000022
93791400000022
93791400000022
1802100100003127
1802100100003127
1802100100003127
1802100100003127
1802100100003127
1802100100003127
1802100100003127
1802100100003127
1802100100003127
37998118243
37998118243
37998118243
37998118243
37998118243
37998118243
37998118243
37998118243
20401528625
348010376709
348010376709
7424731950
7424731950
7424731950
7424731950
3199412937
3199412937
919010023564138
919010023564138
919010023564138
919010023564138
919010023564138
919010023564138
919010023564138
919010023564138
919010023564138
919010023564138
919010023564138
919010023564138
919010023564138
919010023564138
919010023564138
67079375063
480301500094
480301500094
480301500094
480301500094
480301500094
480301500094
480301500094
480301500094
480301500094
480301500094
480301500094
480301500094
480301500094
480301500094
480301500094
480301500094
480301500094
480301500094
480301500094
480301500094
480301500094
480301500094
480301500094
480301500094
480301500094
480301500094
480301500094
480301500094
480301500094
480301500094
480301500094
480301500094
480301500094
480301500094
480301500094
480301500094
480301500094
480301500094
480301500094
480301500094
480301500094
480301500094
480301500094
480301500094
480301500094
480301500094
480301500094
480301500094
480301500094
480301500094
480301500094
480301500094
480301500094
480301500094
480301500094
480301500094
480301500094
480301500094
480301500094
480301500094
480301500094
480301500094
480301500094
480301500094
480301500094
480301500094
480301500094
480301500094
480301500094
480301500094
480301500094
480301500094
480301500094
480301500094
480301500094
480301500094
480301500094
67079375063
67079375063
67079375063
67079375063
67079375063
67079375063
67079375063
67079375063
67079375063
67079375063
67079375063
67079375063
67079375063
67079375063
67079375063
67079375063
67079375063
67079375063
9012552859
9012552859
3504037437
3504037437
3504037437
3504037437
2501244165153215
2501244165153215
127000101402857
127000101402857
127000101402857
127000101402857
127000101402857
127000101402857
127000101402857
127000101402857
127000101402857
127000101402857
127000101402857
127000101402857
127000101402857
127000101402857
127000101402857
127000101402857
127000101402857
922010035417635
922010035417635
922010035417635
922010035417635
922010035417635
922010035417635
2048101027102
2048101027102
2048101027102
2048101027102
2048101027102
2048101027102
2048101027102
2048101027102
2048101027102
2048101027102
2048101027102
2048101027102
50100698320403
50100403891640
50100403891640
50100403891640
50100403891640
50100403891640
50100403891640
50100065169141
50100065169141
77040100005975
38132249194
38132249194
38132249194
38132249194
38132249194
38132249194
38132249194
38132249194
38132249194
38132249194
38132249194
38132249194
38132249194
38132249194
38132249194
38132249194
38132249194
38132249194
38132249194
38132249194
38132249194
38132249194
38132249194
38132249194
38132249194
38132249194
38132249194
38132249194
38132249194
38132249194
38132249194
38132249194
38132249194
38132249194
5848227848
5848227848
5848227848
5848227848
5848227848
5848227848
5848227848
5848227848
5848227848
5848227848
39625511565
39625511565
93122210000483
93122210000483
93122210000483
50100245481967
50100245481967
50100245481967
50100245481967
201021523118
201021523118
201021523118
201021523118
201021523118
201021523118
201021523118
201021523118
201021523118
70010103778928
70010103778928
70010103778928
70010103778928
70010103778928
70010103778928
70010103778928
70010103778928
70010103778928
70010103778928
70010103778928
70010103778928
70010103778928
70010103778928
70010103778928
70010103778928
70010103778928
70010103778928
70010103778928
70010103778928
70010103778928
70010103778928
70010103778928
70010103778928
70010103778928
70010103778928
70010103778928
70010103778928
70010103778928
70010103778928
70010103778928
70010103778928
70010103778928
70010103778928
70010103778928
70010103778928
70010103778928
70010103778928
70010103778928
665010137157
665010137157
665010137157
665010137157
665010137157
665010137157
665010137157
665010137157
665010137157
4046552011
4046552011
4046552011
4046552011
4046552011
4046552011
4046552011
4046552011
4046552011
6681140105096
6681140105096
7391558774
7391558774
7391558774
7391558774
20197858226
20197858226
558502010158785
558502010158785
558502010158785
558502010158785
2948892105
2948892105
923010060977864
923010060977864
923010060977864
35934042962
35934042962
1254104000153461
1254104000153461
212010100091771
212010100091771
212010100091771
212010100091771
212010100091771
212010100091771
212010100091771
212010100091771
212010100091771
212010100091771
212010100091771
212010100091771
212010100091771
212010100091771
212010100091771
212010100091771
212010100091771
212010100091771
212010100091771
212010100091771
36186387454
36186387454
36186387454
275104000095734
275104000095734
275104000095734
275104000095734
275104000095734
275104000095734
275104000095734
275104000095734
275104000095734
275104000095734
275104000095734
275104000095734
275104000095734
275104000095734
275104000095734
275104000095734
275104000095734
275104000095734
275104000095734
275104000095734
275104000095734
275104000095734
275104000095734
275104000095734
275104000095734
275104000095734
275104000095734
275104000095734
275104000095734
275104000095734
275104000095734
275104000095734
275104000095734
275104000095734
275104000095734
275104000095734
275104000095734
275104000095734
275104000095734
275104000095734
275104000095734
275104000095734
275104000095734
275104000095734
275104000095734
275104000095734
275104000095734
275104000095734
275104000095734
275104000095734
275104000095734
275104000095734
275104000095734
275104000095734
275104000095734
275104000095734
275104000095734
275104000095734
275104000095734
275104000095734
275104000095734
275104000095734
275104000095734
275104000095734
275104000095734
275104000095734
10587458195
10587458195
60348324570
60348324570
60348324570
60348324570
60348324570
60348324570
60348324570
60348324570
60348324570
60348324570
60348324570
60348324570
60348324570
60348324570
60348324570
60348324570
60348324570
60348324570
60348324570
924010017297459
4991000100049045
4991000100049045
4991000100049045
4991000100049045
4991000100049045
4991000100049045
4991000100049045
4991000100049045
4991000100049045
4991000100049045
4991000100049045
5612289720
5612289720
121412010000474
121412010000474
121412010000474
121412010000474
4749314794
4749314794
43480534706
43480534706
50100605105644
50100605105644
50100605105644
50100605105644
50100605105644
50100605105644
50100605105644
50100605105644
501010166541
501010166541
501010166541
501010166541
501010166541
501010166541
501010166541
501010166541
3214081216
3214081216
3214081216
3214081216